112     111112 1111112 112   1121111112 1121112   112111111112112  112 1111112 11111112
113    11755112117551124112 11761175511211311112  113455117556113  11311755511211755556
113    1111111311111176 4111176 11111176113117112 113   113   11111113113   11311111112
113    1175511311755112  41176  117551121131134112113   113   11755113113   11345555113
1111112113  11311111176   113   113  113113113 411113   113   113  11341111117611111113
4555556456  4564555556    456   456  456456456  45556   456   456  456 4555556 45555556
             112     1121111112 111111121111112 111111112 111112 11111112             
             113     1131175511211755556117551124551175561175511211755556              
             113     11311111176111112  11111176   113   1111111311111112              
             113     11311755112117556  11755112   113   1175511345555113              
             111111121131111117611111112113  113   113   113  11311111113              
             455555564564555556 45555556456  456   456   456  45645555556              
                                                                                       
                                       > Start                                         
                                        Controls                                        
█ = ascii 219 (1)
╗ = ascii 187 (2)
║ = ascii 186 (3)
╚ = ascii 200 (4)
═ = ascii 205 (5)
╝ = ascii 188 (6)
╔ = ascii 201 (7)